469.43
163.22
470.6
137.82
464.72
129.56
470.58
200.16
199.79
228.94
158.35
158.91
262.84
451.72
208.4
473.47
417.4
311.3
430.88
370.76
262.45
147.37
232.11
201.93
419.16
201.1
244.73
300.34
214.72
407.24
230.29
263.74
307.86
213.5
174.2
173.87
398.59
147.59
372.39
370.75
148.65
201.1
174.57
295.24
201.72
163.34
469.77
175.74
298.64
231.58
423.54
299.4
164.17
417.73
301.51
297.71
473.84
301.48
147.16
418.17
163.83
175.83
277.22
162.96
401.02
296.93
295.42
418.72
469.86
470.11
227.61
276.86
159.01
471.04
174.29
415.72
161.65
299.5
264.81
185.72
173.23
187.55
196.67
161.9
240.67
419.79
232.22
208.0
164.74
302.9
201.58
304.53
272.03
174.6
301.3
237.02
299.11
215.44
224.91
301.56
871.97
1467.72
875.8
1749.02
1247.81
460.64
1401.55
1472.79
821.99
1423.6
692.59
1538.28
1450.92
1574.1
1567.19
1522.51
807.47
728.02
1259.78
746.84
1745.53
1627.96
798.0
1172.49
813.22
1637.69
832.61
821.8
457.65
812.59
1535.02
900.71
1078.75
797.87
1435.94
760.54
1133.0
1425.29
1532.12
907.49
673.98
882.98
1069.63
693.28
961.85
1409.23
1641.2
1490.48
893.77
1459.11
803.21
1568.01
1024.81
1471.97
1413.53
689.9
1202.12
1268.22
768.56
751.88
1318.26
539.39
1161.34
885.69
1476.61
1445.15
797.55
751.18
1734.38
476.72
751.16
901.1
872.03
1162.69
1235.92
1406.63
1569.89
787.15
768.52
785.97
1523.82
915.61
743.26
1737.87
965.11
1120.08
786.2
874.9
790.81
1476.68
1562.28
1248.17
857.11
596.07
447.13
1151.46
1024.46
692.07
690.29
936.07
1908.77
1565.56
1585.33
970.01
1564.83
2031.99
1126.53
1020.71
1196.71
1668.86
1573.7
1349.95
1561.7
1087.78
1717.1
1706.35
1569.87
1123.78
1890.45
1514.79
1021.71
1458.13
1891.54
1714.06
1753.19
1422.21
1295.3
1797.34
1044.51
1608.82
683.24
1420.79
1084.29
1619.48
1082.21
1767.89
1168.61
1658.53
1490.56
1612.5
1065.29
1585.14
717.09
1571.12
1720.58
1719.62
2110.67
1799.3
1566.06
1719.61
1247.84
1213.96
1994.53
1570.68
1903.58
1075.21
1544.21
927.93
1455.65
1139.87
1560.86
1709.18
1709.96
1219.19
1577.62
1730.43
1672.5
1241.83
1471.81
1799.8
1578.25
1793.25
1470.45
1196.74
899.61
883.07
1885.22
1429.7
1540.48
965.75
1993.53
1190.71
1548.34
1994.02
1518.22
2001.81
1793.56
1212.4
1628.86
1209.03
2120.43
1922.43
2098.63
1898.9
1081.54
1494.3
883.03
1809.42
1676.63
1623.3
1398.17
1021.3
1321.19
769.55
1382.69
768.88
854.37
1546.05
1442.53
1583.6
1110.6
1308.07
1046.03
1243.63
1241.76
858.23
1158.12
633.11
1150.48
1083.99
1522.59
812.62
754.23
1408.72
1537.68
1191.99
1334.3
1585.42
1202.16
853.58
687.8
715.9
644.07
1958.89
1441.57
768.2
744.87
706.72
992.71
1102.52
696.59
791.97
1396.56
1330.72
899.19
1077.88
1341.85
693.13
967.19
1157.27
1644.77
872.84
633.82
1157.63
655.31
706.08
1303.54
1397.69
604.15
720.06
745.82
1131.64
1802.18
1351.06
692.9
1716.6
1449.3
886.54
776.25
1212.9
983.52
1131.26
1406.31
1305.84
1376.54
1123.06
1401.95
608.69
720.18
1234.99
772.62
1082.51
1321.42
492.06
1032.14
736.35
1959.65
617.9
939.83
1390.28
653.75
1032.37
679.14
1422.15
1670.87
1142.8
1343.79
785.91
1157.76
1643.14
1025.25
671.62
818.37
1046.25
698.57
593.33
954.79
897.21
501.12
1134.25
633.37
1113.48
790.58
915.37
773.76
481.93
1206.07
506.12
1563.83
503.92
1119.94
449.29
805.54
824.28
670.09
796.15
1253.95
774.13
542.4
1478.0
554.66
743.1
1061.3
876.48
575.48
1614.2
793.69
826.51
763.56
1018.22
1016.16
838.07
606.33
630.48
483.0
1079.56
682.17
766.75
1206.22
704.95
218.96
261.02
291.87
665.59
1152.92
635.21
882.68
746.29
382.5
866.97
820.87
786.47
882.47
751.15
1267.73
585.01
935.46
1142.42
1223.28
271.14
793.19
991.47
1124.75
1094.86
716.57
782.94
1116.72
1234.54
786.38
323.98
604.17
715.79
256.97
145.26
778.96
634.99
1249.22
870.35
775.93
1246.52
601.26
688.43
208.0
711.93
214.57
225.98
1123.72
925.35
763.36
747.84
1075.34
861.61
630.19
262.84
1127.14
263.37
798.16
635.76
860.88
700.75
876.56
795.6
654.17
429.17
203.43
747.81
752.46
1261.41
825.49
315.67
1050.91
742.43
1258.27
213.47
591.63
601.37
679.58
826.99
819.3
361.82
669.76
969.54
748.35
631.66
259.13
890.72
1253.45
221.47
1205.16
602.69
910.59
1078.88
740.88
288.3
433.63
197.66
1160.98
1203.46
263.2
777.46
1567.73
1125.27
1177.17
1393.81
1071.52
458.86
624.13
734.32
1147.88
1445.41
783.22
1440.92
881.89
692.97
1431.65
685.57
684.58
571.53
920.71
1364.08
565.86
590.45
795.28
1490.06
1304.62
753.64
1495.83
627.45
1306.19
589.83
635.15
1083.61
468.86
600.94
794.18
1531.99
1412.1
888.97
1082.53
1281.65
1498.48
943.27
1170.87
1543.84
774.85
1409.88
1460.0
1301.34
772.75
1360.32
1472.29
722.37
1536.67
1419.93
572.05
1401.17
757.99
598.97
775.57
1539.63
788.19
1043.77
1207.32
1515.34
1497.81
782.48
1073.71
1370.74
1281.53
597.19
1509.0
462.38
1417.66
468.93
838.52
1238.05
1310.23
735.84
1466.64
1051.26
746.99
609.13
744.85
1458.82
855.29
628.82
1429.07
1475.92
802.2
1501.27
493.55
979.05
671.33
974.85
914.02
1142.07
625.24
1280.39
1479.95
808.51
1891.31
2024.28
1986.59
1863.76
1796.87
2004.46
2033.2
1971.86
2099.41
1986.82
2048.46
1940.02
1746.87
1985.98
1877.84
1974.77
1856.66
1996.1
1900.18
1880.8
1802.44
1800.25
2151.62
1965.94
2146.49
1787.54
1939.79
2160.93
1751.31
2077.55
1782.63
1978.67
1947.95
1973.9
2020.48
1787.21
1795.97
1982.64
1930.96
1797.3
1891.65
1996.7
1986.47
1799.51
1797.45
1898.14
1969.89
1759.05
2174.28
2112.23
1799.32
1985.74
1744.62
1937.72
2013.91
1854.08
1970.4
2170.49
1808.74
1724.75
1768.92
1906.14
1793.37
1924.55
1966.33
1898.42
1938.58
1802.04
1987.33
1762.58
2154.63
1971.31
1969.8
1982.07
1844.56
2018.09
1936.05
2121.36
1975.6
1802.9
1925.45
1905.63
1889.8
1913.63
1998.34
1972.95
1882.04
1930.21
1853.98
2013.54
1802.15
1906.66
2197.73
1847.08
2029.72
1824.49
1902.58
1999.57
1787.25
1905.03
1368.54
1205.85
856.48
1796.72
1459.08
774.89
1220.68
1394.42
605.49
1225.27
2183.61
1518.91
1756.65
1781.57
1558.66
1979.42
1724.9
1787.73
1807.35
1313.65
1432.78
2255.15
1774.39
1794.65
1330.41
1363.88
1570.96
807.3
1929.45
1462.72
1662.67
1563.15
1799.1
1120.0
1468.61
2026.92
576.2
1833.62
1638.73
427.15
1899.81
1982.58
1240.29
720.18
1346.68
1707.91
1891.3
792.76
1616.92
1441.73
1493.1
1449.84
1155.3
2167.73
1574.14
1016.24
1593.0
1899.13
1001.62
1856.22
1250.55
1000.61
835.17
174.25
1337.24
1296.6
1239.49
1936.45
1393.77
889.23
1580.69
1381.1
1408.97
543.33
1575.5
1593.06
1450.06
1676.68
670.99
1634.04
1284.6
899.76
1498.6
1908.55
636.07
1492.58
1478.41
1705.67
985.96
1736.03
2176.86
1050.71
1353.93
1352.83
1528.37
1752.42
1765.77
1301.71
1019.68
1090.14
1466.76
1790.81
1573.94
1787.58
1911.05
1803.78
1859.9
1791.24
1352.42
1654.72
1432.68
1255.82
1173.18
1429.61
1449.31
1270.41
1575.66
1436.56
1349.88
1659.23
908.56
1551.01
1799.46
1244.19
1295.08
2175.8
1050.76
1712.12
1483.98
1831.79
473.55
1451.34
1388.89
1111.02
680.12
1499.6
1191.8
1156.07
1735.0
1191.42
724.6
1311.93
784.72
1798.89
1078.8
1877.43
1891.99
1126.05
740.97
1715.41
1674.37
1568.71
1916.72
2176.87
1545.0
746.19
1604.14
651.34
1267.58
1985.31
1890.11
865.59
666.65
1448.3
1613.41
1218.61
795.26
1621.0
1604.91
2127.08
1835.11
1893.63
1013.17
1839.19
1124.06
1434.89
1652.55
1896.83
1673.77
1703.35
883.54
1837.58
1888.27
1558.18
1631.2
1373.82
697.63
1130.88
803.83
1575.38
2006.92
1985.42
1376.0
1423.07
1048.08
1478.27
1726.14
1727.84
1306.76
1608.04
1530.87
1398.17
1845.4
1560.37
1044.4
1617.64
815.29
1487.11
1575.19
1999.29
1515.21
1795.85
1721.07
1566.2
1617.1
2170.31
1817.73
2018.3
1497.2
898.37
1083.53
2201.55
1973.54
1977.03
1400.31
1590.32
824.38
470.47
1455.71
1601.07
1110.58
959.74
1167.17
1895.5
1998.83
1604.58
1758.45
1935.83
1974.7
1792.69
1489.14
1602.95
1798.71
1473.55
1994.88
1535.88
1314.15
1772.34
1787.85
1850.6
601.3
747.74
1865.87
1581.82
1724.56
2016.58
1608.92
1869.19
1621.95
1967.87
1228.96
1812.93
799.41
1574.76
1629.25
1673.05
1268.52
1523.8
1072.48
1902.62
1678.47
900.37
1566.05
1774.79
762.03
1255.92
1609.04
1800.16
1818.34
1410.78
1053.53
1056.76
964.47
1441.71
1377.91
781.53
1789.81
1081.07
1120.99
1796.9
1477.55
1051.23
1786.88
1304.98
1075.92
1456.28
590.67
1286.69
1151.17
1758.67
683.72
1253.31
1051.8
1898.16
1455.65
1514.73
1749.8
1669.79
880.54
1853.96
1710.84
1119.61
1162.77
1641.54
1556.07
1241.72
1757.09
1718.94
1668.88
1574.09
1499.6
1811.86
681.92
1344.82
1254.7
1573.64
1205.25
1571.88
1822.73
890.63
1490.31
1279.04
1658.97
1629.77
1361.88
589.2
1261.97
1933.37
1664.44
858.65
1792.92
1458.26
1163.03
1777.0
1535.77
1447.66
640.81
1057.21
1819.88
1619.8
982.87
891.95
1817.14
1193.56
1392.78
1791.89
1624.08
1482.39
817.97
1807.62
1680.6
1788.06
1793.31
1451.0
1475.2
1579.31
1801.72
799.84
1705.64
1688.11
1524.46
1345.89
1789.0
749.07
1620.91
1466.84
1918.58
1990.94
1555.95
1465.95
1477.07
1810.37
1664.25
952.21
1064.01
1288.88
1253.38
1470.21
1814.72
2149.22
1466.07
1143.1
1207.88
1217.5
1489.39
1268.07
2117.99
1720.81
1729.86
1260.46
1615.12
1663.75
222.79
2122.45
1378.81
1638.18
1648.44
1902.49
1825.31
965.89
607.41
1247.68
696.46
1799.76
1801.39
1898.53
477.48
1396.97
1710.98
1531.81
1610.26
1475.12
1201.83
1753.25
1129.72
1576.31
1693.18
1553.24
1976.93
1679.53
687.37
1617.28
607.15
1575.16
1781.61
1826.05
874.27
1468.76
1298.85
988.03
1643.96
804.87
1640.57
1673.85
1620.53
1975.96
1798.18
1485.87
1198.08
1182.26
1700.21
1319.14
1575.23
1351.67
752.77
1118.99
1336.99
1015.7
1804.52
1309.46
2014.64
555.49
1656.16
1472.11
1796.7
1643.43
398.44
924.97
1784.14
700.38
973.07
1555.04
1479.03
1727.13
1367.06
1817.68
1345.77
1782.04
819.15
1493.68
1432.01
1237.23
1552.97
1585.88
1638.72
464.82
1131.7
803.32
1427.0
1564.12
1114.15
1226.68
1026.35
1188.13
1143.63
1557.97
1835.36
1854.22
1969.74
1350.97
1944.17
1771.91
1035.15
1297.93
757.62
1020.79
1479.36
1148.39
1789.92
1719.48
1478.83
788.58
1426.23
1173.67
1762.84
1728.14
1971.06
1204.1
1600.07
872.82
1530.52
1280.46
1021.04
1734.88
1359.95
1605.1
1846.56
885.01
1271.2
1573.07
696.52
1632.52
1352.55
921.85
1641.7
1482.63
2178.45
1219.02
559.67
1115.87
1464.23
1867.64
1792.84
1717.84
1362.68
1291.96
1635.77
1593.55
1372.43
1468.7
1970.03
1379.74
1581.23
1434.33
1684.86
1828.49
1767.29
1806.22
1285.7
1145.9
1053.03
1477.36
1565.7
1035.33
1850.47
1610.01
820.09
1567.37
2133.8
1495.39
1212.16
925.0
1501.12
1219.02
793.7
1397.28
1063.09
1365.04
1293.05
1215.52
1627.11
910.01
1246.59
1223.48
1189.98
1498.59
1710.43
702.87
1699.27
1184.35
437.68
1380.92
903.79
1492.1
1038.22
1620.77
1210.1
1429.89
1347.81
1725.81
1165.24
1570.86
1198.87
1581.12
1904.69
2202.65
1597.37
1220.27
701.43
1805.57
1525.11
1477.66
1398.48
1613.96
1900.56
1560.92
1533.23
1534.5
1121.45
2037.42
1793.1
1948.21
1247.66
1439.35
1546.16
1585.78
1446.92
729.75
1860.61
1555.37
1804.25
1398.11
1039.92
1723.7
1816.28
1386.64
1922.94
1553.29
1560.76
766.5
1480.32
2196.89
1423.18
1555.01
1930.65
1733.14
1467.87
1860.14
1480.64
1560.33
1479.29
1555.41
1650.04
1965.16
972.26
720.84
1784.04
1492.57
1213.2
462.86
1411.03
678.47
1003.25
1803.0
908.4
1490.98
1759.02
1735.02
1399.1
1811.03
1385.92
1157.42
1362.14
1808.0
1522.22
1671.61
1580.23
1400.7
950.34
1491.76
1497.53
1247.4
1481.92
1716.02
1643.3
1193.14
1742.43
1482.35
1576.36
1720.98
894.53
1974.5
1500.78
1797.78
976.37
1991.65
1664.95
1989.28
1336.43
1077.34
1956.61
1804.6
1526.01
1082.87
1434.36
1813.91
1501.4
1570.14
1408.5
395.54
1614.36
1060.45
1244.28
1248.98
2257.49
1254.38
1453.43
1639.16
1197.56
680.98
1364.45
1483.23
1410.5
1557.22
966.77
1147.93
1473.48
1454.79
1453.76
1441.36
1839.16
1517.95
1189.36
894.85
1455.16
1787.11
1473.92
1424.97
1460.6
648.89
1596.78
1123.43
739.87
1352.12
1619.48
1578.65
1808.37
1223.1
1769.2
994.38
1584.31
1818.64
1136.74
1989.57
1222.67
1962.07
749.04
599.86
1564.35
1038.73
1780.3
1308.56
1796.2
1637.64
1528.9
1589.94
1222.15
848.46
1795.45
1766.06
548.53
1214.29
798.7
1190.61
860.6
1477.33
1466.76
1526.44
1963.87
694.61
671.52
656.97
1526.59
1193.61
1575.05
974.76
2137.0
1607.32
273.66
1525.03
1267.72
599.55
1216.13
1473.25
822.58
1809.52
1779.1
1725.28
815.28
409.9
1487.77
1055.29
1496.07
1470.29
1196.22
1629.93
414.6
624.61
1694.51
1705.48
764.03
964.45
1135.4
1465.33
1462.24
1398.24
1740.68
495.83
1366.62
798.72
1523.74
1671.2
1701.73
1678.08
1531.91
1870.48
1438.93
1971.43
1234.43
1585.35
1025.85
1479.16
1381.21
853.0
1570.05
1654.04
1541.09
1689.46
1568.49
1640.58
1474.65
1203.25
1365.12
1249.98
968.6
1787.59
1605.81
1525.37
1418.74
2084.62
1783.79
1684.7
405.85
1179.86
1194.99
2024.38
1536.26
1068.95
1557.85
921.2
1892.04
1692.47
2160.64
1663.6
1473.79
942.24
2017.14
1710.2
460.6
1307.9
875.77
1378.46
1487.91
1503.07
1477.8
1702.48
1462.01
1896.18
1437.16
1128.79
1456.21
1564.48
761.53
1465.9
1497.87
1137.82
695.33
968.36
1372.92
1242.03
1612.3
1063.47
1814.49
1756.5
671.97
1524.39
1475.96
1364.4
1270.35
1310.77
1791.33
1519.93
1863.27
2159.27
1894.79
1575.4
1374.66
1268.49
1464.01
1463.29
1758.37
1730.19
683.81
1797.29
1891.5
1856.33
1763.52
1300.49
1409.95
1201.07
1306.55
1730.78
789.27
232.04
946.75
491.25
1283.36
1032.7
877.63
697.8
825.96
1570.1
1455.58
651.67
1027.49
1853.57
968.81
1824.81
1860.75
1461.74
1670.96
420.29
1480.19
1501.85
899.14
1335.74
1375.73
1184.12
1857.27
1396.63
1558.1
673.61
2324.11
1244.6
1971.25
1054.7
1415.48
1259.36
1648.45
749.72
1457.78
432.7
1441.36
1706.56
1849.06
550.8
1752.99
669.99
1056.59
1072.49
1207.17
1683.27
1400.53
1498.04
1571.35
882.11
688.97
1242.36
1888.58
1799.9
1142.2
2086.1
1853.3
1665.08
928.31
1566.26
1441.46
754.98
1591.51
1216.08
1662.29
1355.61
1537.64
1614.21
1521.1
1442.99
1668.02
1699.73
1615.31
1477.88
1195.72
1618.5
1799.28
1118.94
1694.12
1090.3
874.45
1695.81
1493.6
1955.17
1049.47
1149.62
1056.53
1086.15
1836.38
1238.12
1989.21
660.53
1348.9
1453.85
1244.36
1562.89
1702.81
1930.12
1559.98
1249.12
1316.84
1742.07
2148.54
465.28
1969.49
699.44
963.44
1809.26
1024.83
1466.06
676.86
1849.79
1516.84
1975.17
1994.43
1310.37
1668.99
1529.07
1989.07
1659.56
1461.16
910.5
821.42
1607.58
816.77
1728.32
1344.98
1393.52
2257.27
1575.95
1607.13
1580.76
1081.01
1786.85
1724.13
1883.67
551.26
890.54
1068.15
1497.07
1799.39
1774.4
1505.91
1839.89
1617.95
1468.35
1638.01
1782.15
1496.06
2012.58
888.58
1360.44
1063.33
1756.73
1681.41
1728.62
632.64
1309.46
812.45
1196.5
1262.06
1294.88
495.49
1400.84
1355.15
1689.76
1116.01
688.51
1079.3
1625.93
773.83
728.93
1643.87
1746.24
1253.26
1714.74
1695.18
1750.27
1580.17
1678.23
1590.63
1355.48
1774.08
1613.62
1252.57
707.56
1141.55
1132.16
1500.3
493.75
1560.65
1916.92
1726.69
1438.96
1412.55
966.28
1717.93
2171.87
1493.39
1186.93
1799.54
1150.66
1276.65
1534.81
1567.68
981.67
1207.49
1817.82
1721.4
1932.94
1355.61
1597.34
1791.42
1595.11
1982.7
1720.39
1598.17
1705.89
1353.69
1793.09
1445.75
1571.53
1253.18
1518.07
1501.32
1471.49
892.37
708.14
1739.25
1643.59
1168.25
1128.25
1153.4
1496.56
1245.74
653.29
780.49
1572.97
1730.42
1525.88
1494.21
1989.27
1923.54
1900.69
1220.19
1562.04
980.54
1107.75
948.25
1774.27
584.82
1616.13
1123.88
1681.15
1902.64
1391.14
1616.66
1202.82
1498.55
1781.57
459.36
1407.37
1240.02
1463.57
1305.28
1582.14
786.0
1455.15
1576.57
186.71
751.91
1801.34
1567.71
881.81
1201.5
1791.71
663.66
688.77
1905.12
1709.58
1746.86
1895.58
1941.48
1320.27
1542.98
1273.41
1828.48
1595.54
1571.62
1634.49
1946.36
559.64
1740.94
1236.24
1588.59
1519.88
879.04
1213.82
1592.45
1493.61
776.47
1432.2
1894.44
1469.05
881.44
1477.49
1413.05
1546.45
1858.05
1913.57
708.43
202.61
732.65
1626.05
1799.31
1809.84
1623.96
1570.89
1829.06
1642.3
1684.54
638.98
1755.83
1896.18
1571.82
1723.19
1975.15
1409.28
1917.42
1532.78
1254.57
1468.04
867.88
1574.62
1522.94
1769.95
1221.34
1632.18
266.39
1889.58
1431.91
1418.47
492.82
851.25
1838.28
1568.5
1677.1
894.63
1796.06
1406.29
887.49
1764.72
1273.94
893.42
647.16
1277.83
1795.96
1905.42
1411.98
586.42
1272.64
1078.56
1148.23
1717.47
1315.88
1317.98
1347.72
1532.91
1454.33
1926.14
814.3
1451.71
1888.63
1704.03
397.09
1991.83
1560.18
2185.11
1757.34
761.27
1119.9
636.29
1676.95
1658.45
785.02
1070.05
1703.54
623.35
1130.53
797.19
1602.44
1482.24
2169.99
949.61
1193.3
1237.0
1494.22
1938.07
678.74
1877.89
1367.56
1443.45
782.35
1683.67
1487.03
1930.32
1744.32
733.43
1577.98
1210.32
1829.66
1427.93
1645.15
1645.47
696.29
1113.93
969.34
968.8
1482.84
1533.5
1649.66
1479.92
1351.35
1573.87
1297.73
1409.21
1479.99
2114.26
1075.24
1847.85
1575.85
1676.25
1433.08
1079.74
1458.68
1988.69
1710.98
823.3
1574.41
1459.82
2022.81
1657.73
1679.44
1712.53
1441.18
1477.93
1665.57
1777.81
1131.4
1522.89
818.33
1725.22
1807.1
476.75
1637.5
1863.09
1874.97
1426.92
1436.69
753.92
1189.15
1833.45
1141.43
1710.29
1253.6
871.95
1543.98
1585.57
1445.31
1761.15
1199.68
439.75
905.12
1764.95
1947.89
1666.34
1610.68
1956.34
1343.93
1549.33
1796.21
1636.71
1346.64
1472.79
1439.98
1645.63
1029.76
1577.8
1498.5
1195.43
952.14
700.79
1801.67
1301.6
1468.13
870.56
1189.87
1473.16
1578.16
1081.31
1313.96
1699.18
763.35
1890.66
954.71
769.99
1730.54
1129.04
1710.98
1967.63
1172.79
1787.03
1868.53
1886.5
778.66
385.38
912.21
1536.0
1723.23
608.91
1788.57
1793.45
1274.08
1559.36
895.37
676.24
1714.25
881.44
221.45
1308.86
1770.56
1705.66
1615.34
1900.93
1730.5
1911.62
1677.64
1453.76
1312.67
1670.45
983.37
1526.31
1463.24
1807.04
1204.11
1629.4
1244.88
1630.67
1514.88
1396.71
1434.22
1264.69
1802.85
1026.08
1844.74
2152.25
778.06
1842.61
247.55
1944.13
1319.14
1665.65
1786.63
1053.92
1844.14
1980.02
1613.23
1578.73
664.86
1531.45
1684.36
1538.6
1397.48
1756.18
987.49
1736.52
1494.1
1275.78
221.75
1848.35
602.39
273.1
1226.45
914.93
1769.52
1803.15
1399.92
1813.28
1565.11
1490.06
1561.0
1167.46
854.63
1619.09
1166.09
1474.42
1281.21
1430.62
1702.08
1630.32
1569.6
665.89
1491.3
1480.96
1848.83
983.5
708.44
1246.96
1051.99
1359.81
1138.12
1704.19
1553.77
1786.65
799.87
1716.18
808.42
1988.04
1934.75
1441.36
1257.3
1524.93
819.33
1956.91
1296.4
880.28
1582.45
914.32
871.14
458.3
983.59
585.41
1857.62
1806.73
1652.07
1335.36
1215.72
552.52
1570.31
1703.93
1169.82
364.85
1583.33
1634.25
504.23
1363.86
744.16
970.05
1185.01
2000.44
970.23
202.12
1216.57
1950.6
845.4
1848.18
1907.84
1252.64
1660.7
1859.95
1295.21
879.29
1073.76
1650.06
1251.09
1615.64
997.86
1604.57
2166.7
1677.13
1183.6
1847.18
1997.35
1403.63
1687.95
1487.91
1036.81
1860.43
1449.13
1260.89
1490.65
1773.46
1539.71
489.88
1482.6
813.22
1057.65
250.56
1738.81
1841.89
1803.45
1246.0
1315.51
1730.91
1965.43
1581.39
1234.47
1479.99
648.75
1793.2
1790.85
1087.76
1733.2
1249.81
1782.55
1852.53
1669.63
599.91
853.88
1513.23
1855.7
1460.17
1202.09
1566.55
1343.25
1110.67
1799.29
1612.25
1793.75
1574.59
974.11
1714.44
1413.33
1570.02
978.99
1556.93
1132.29
964.13
1491.19
1636.53
1496.77
1493.09
1832.22
1205.3
847.35
953.03
1738.17
1632.14
1609.84
1408.75
1285.17
1297.34
745.03
1935.81
1143.38
1871.04
1072.76
1645.6
632.23
1421.02
1225.08
1129.01
379.11
1693.53
1713.19
651.62
1142.05
1992.58
1855.24
1237.57
1884.55
1467.81
1559.09
1591.31
1489.33
2112.53
890.18
676.49
1969.9
1630.51
1503.96
1969.19
2191.15
1515.95
1631.07
1621.0
1400.95
1202.58
1272.85
1313.75
1588.16
1481.5
1976.73
1519.92
1561.88
1628.67
1653.64
1303.34
1812.86
1045.24
1398.51
1433.58
1542.79
1996.36
547.38
1216.01
1414.9
1934.17
1797.52
1103.97
1984.72
1612.97
1667.92
1776.39
914.74
888.38
1792.11
354.32
1831.14
1986.21
1924.06
1737.51
1324.49
1514.6
1530.0
1803.64
232.37
1593.63
1243.4
1190.96
1975.95
1355.54
1245.93
1467.04
1641.15
1681.7
1521.74
1583.47
1440.32
1800.28
828.14
1297.9
1232.81
1215.91
694.71
692.0
880.3
1512.76
598.34
1403.23
822.04
1487.62
1808.9
1805.82
1526.61
1896.95
1460.62
1377.08
1627.45
1803.47
1116.35
493.79
1209.55
1816.4
1636.04
1811.84
1916.34
674.8
367.79
1727.5
1193.46
1773.81
884.21
1852.13
1084.04
1615.91
1212.57
1162.79
1390.6
1462.89
1905.98
1242.35
1976.62
1465.3
1452.15
1632.05
1662.92
1895.91
1764.73
1557.43
1290.53
2182.23
1142.71
761.71
1526.97
1348.2
1615.31
876.57
1303.68
1123.58
1669.48
1613.94
1962.84
1243.29
1446.03
1571.25
494.33
1642.48
1570.24
1843.93
1799.73
596.1
703.95
1667.71
1842.53
1221.13
1890.14
794.17
1147.63
1376.09
747.03
2103.13
1412.13
1110.1
1780.67
1890.94
1460.55
932.15
723.68
1481.5
1558.54
1792.99
1504.63
1709.47
1608.15
1074.38
1832.38
1632.26
1435.55
1842.31
230.6
1701.34
1249.34
1657.98
682.06
749.11
1979.57
1803.25
1238.53
955.73
1558.6
1967.88
1702.42
1271.57
1676.07
1630.84
1247.28
1670.98
1624.5
1430.58
1203.12
1302.2
867.88
1812.17
1932.09
1643.23
1855.51
2173.95
1791.29
1386.1
1590.38
672.7
867.54
1564.17
709.04
1486.67
1421.58
1932.61
1088.04
1746.9
1671.19
1573.02
1569.17
1538.84
1766.26
558.98
902.95
780.62
1440.35
756.27
1917.16
1712.79
2187.94
1592.7
1317.45
1080.11
439.39
835.87
1680.44
1483.34
1643.24
1046.61
956.21
1398.42
1303.87
1571.07
881.95
909.06
1547.72
1462.0
1879.55
787.57
1103.75
482.54
742.62
1627.86
1408.91
1764.2
1577.01
1586.59
1560.04
1785.76
1812.88
1246.59
1887.33
1495.28
1570.34
963.6
1446.44
1711.82
307.87
1831.66
1838.49
1147.79
1482.03
991.67
1782.95
1195.1
1382.53
1493.21
1561.56
693.28
1698.05
1665.41
1612.65
1070.76
1232.36
1842.99
762.91
1721.51
1898.24
991.23
1483.91
1924.26
1440.21
785.77
1819.15
1156.41
1168.97
910.58
1791.91
1069.03
1343.1
1974.4
1509.74
1254.75
1667.86
1640.86
1417.58
922.22
1486.32
1233.91
882.67
1195.62
1458.75
318.7
1698.25
503.09
1523.84
1299.79
1718.12
1787.74
1798.15
1440.03
1475.62
363.97
780.49
1415.14
1802.9
1143.8
1592.49
1805.5
1632.78
1453.95
1571.67
1210.2
1561.52
527.22
2192.37
1390.73
956.14
720.33
783.62
1814.16
1345.35
1438.77
1973.12
1740.89
1302.66
1633.79
1564.16
1128.17
1891.02
1580.75
1588.95
1644.58
1489.22
1912.44
1564.48
1747.67
1010.04
946.21
1689.2
1837.93
1408.77
1018.72
2111.85
1490.97
1683.34
1623.2
1586.04
1490.85
1191.4
1499.71
1346.38
1928.57
1196.0
1727.58
1698.34
1561.74
2185.58
1288.91
1392.9
1619.26
1569.95
1330.11
918.36
1069.86
1660.98
1468.2
1865.65
1606.81
1297.4
889.11
1184.78
1050.93
1854.4
1476.59
1203.68
1855.39
1402.85
1696.52
2036.2
1855.08
1529.94
1677.9
1630.92
1190.71
453.27
1637.3
2017.2
1784.66
1793.01
2186.26
1712.71
1796.45
1270.17
1047.37
1296.83
1754.06
1613.9
1611.72
1216.7
1672.92
1702.0
867.94
1801.42
1438.7
1979.48
2018.38
1209.92
986.63
1570.99
1800.65
1713.48
1743.08
975.69
1889.97
1794.88
1767.95
1423.75
1609.99
1935.01
398.81
674.93
1423.55
942.8
1398.63
1270.46
1750.32
1143.18
1192.34
1076.54
1209.11
1714.79
1619.81
1292.41
1187.09
1696.66
1631.93
1534.31
898.92
1994.65
1496.93
1518.95
1343.08
1462.87
1742.34
1287.93
1151.48
397.44
1024.07
1573.48
886.56
1452.25
1562.77
1576.51
2035.43
1800.63
1730.59
1681.37
1674.39
1442.02
1856.57
1500.07
1578.37
1886.93
1944.93
1508.38
1735.89
1573.21
1576.66
1791.52
1213.73
896.31
1945.41
2148.64
1595.88
898.75
1686.72
2000.7
1565.5
1636.54
1558.66
1972.55
1020.67
1677.51
778.86
1238.22
1631.57
669.5
1559.48
1583.44
1972.19
1774.25
1630.76
1170.31
1193.85
1350.37
1909.5
1785.53
1534.79
1800.95
1347.09
959.71
1622.39
1221.36
1578.03
1201.89
1495.69
1896.06
1846.3
1850.34
1532.93
915.32
1825.84
1263.58
1621.48
1401.52
1692.37
1262.67
956.41
1196.85
1683.78
1431.29
1576.18
1086.56
1745.89
1618.28
1802.82
1982.77
1620.19
410.32
1365.27
1143.64
1409.99
2160.36
811.07
1617.73
1763.6
1116.11
1380.22
1812.47
1753.18
1630.75
1643.52
649.3
739.31
1218.88
1616.79
1566.13
1629.56
1585.22
1566.21
1511.43
1569.39
865.4
1672.22
1785.95
1893.72
1846.8
1787.8
1491.59
888.72
857.41
1568.62
732.78
1470.89
1538.04
1578.04
910.07
1548.54
1978.43
980.47
1740.06
952.08
965.95
1726.48
1316.8
1740.16
1856.09
1579.42
958.01
1473.18
964.78
1441.64
1541.01
1153.2
1586.78
1560.16
1017.12
856.77
1466.92
992.53
1718.75
1300.78
1218.18
1566.05
1511.89
812.53
1188.1
1513.55
923.16
630.82
690.87
469.6
1418.58
1791.55
769.36
1595.21
1591.41
1688.94
1532.78
1827.47
1930.64
864.91
1478.45
2200.36
1613.24
1712.3
1343.55
1338.67
1728.54
1310.93
1339.25
1069.43
1611.96
1742.44
1486.62
1200.55
1625.42
730.49
964.71
1016.15
1699.72
1062.93
1434.87
802.41
898.13
1413.8
1073.93
860.17
419.46
1751.52
970.46
811.01
1844.12
773.15
2010.47
1362.16
1614.95
1827.46
1431.26
794.79
1799.43
1805.76
1801.86
679.06
963.28
1028.01
1581.61
686.51
1474.09
1660.45
1468.72
1853.26
1072.55
1132.7
1700.3
1569.71
1995.85
1929.09
1476.34
1664.86
1727.71
689.94
1600.08
1115.67
1727.15
1059.78
285.19
768.46
1291.75
1718.93
1851.34
976.23
1531.2
1353.42
778.43
1411.59
1710.6
1566.99
1606.75
1835.57
804.04
1589.99
862.59
1790.23
1119.87
1237.61
1125.42
1975.22
1350.63
1269.69
1899.62
1581.19
1215.24
1859.33
1615.64
1550.24
1994.45
1689.09
1118.24
1490.01
1424.37
1698.49
1211.11
1727.16
1129.03
1588.65
1642.35
1708.54
1821.55
2208.4
2199.71
741.47
1479.4
1928.66
1528.03
700.75
751.01
1195.41
1989.61
1427.86
1441.76
1772.83
784.74
1579.6
1571.8
1761.71
453.13
930.89
1703.43
1712.59
893.25
1122.85
1986.55
1735.61
1711.51
1640.85
1280.92
606.41
1938.7
1369.95
1234.78
2200.76
1490.84
1771.91
1349.47
1568.74
1785.13
1803.06
1782.05
867.16
1663.63
1309.35
1664.03
1812.94
1431.02
1694.21
1353.48
1750.23
892.38
789.62
1153.4
1392.8
1748.66
1211.79
1835.48
1270.37
1491.95
1503.83
1409.12
1497.18
1237.54
1926.4
1868.29
1267.67
867.95
1043.44
1541.82
2137.34
1035.6
1798.67
1420.93
2034.88
1512.16
1968.32
637.27
1607.39
1432.94
1081.33
1503.11
1154.76
1076.81
1574.92
1220.5
1734.1
1506.76
1390.24
1663.9
1519.07
1549.12
1448.3
2168.12
1515.27
1397.73
1223.5
1185.84
1795.92
1631.63
1567.82
793.53
1430.19
1820.77
1670.9
1807.67
2016.16
833.39
1574.27
1747.11
1581.73
1056.69
1901.75
600.61
1515.15
1616.47
1556.92
1274.1
775.18
1079.96
1648.8
1132.1
1562.56
1696.13
1485.47
1755.69
1302.79
1847.67
1611.63
1639.1
1780.65
409.67
1256.08
1163.67
1784.39
1869.45
461.88
1217.69
1304.42
1687.54
1860.11
1268.56
1895.21
1791.06
1074.98
1576.83
1982.54
1617.15
1564.16
1453.29
1245.56
1916.14
1442.72
1269.26
1424.82
1848.13
1411.76
700.96
1396.31
1896.51
888.98
1466.21
1610.17
1379.72
1529.08
812.72
692.78
1677.89
1636.95
1264.19
1110.14
1926.87
1535.8
1809.56
636.43
1566.14
807.09
1254.65
1381.92
880.48
769.47
1452.07
768.27
1826.07
1311.15
1291.73
1888.05
1335.96
1475.19
1475.9
1314.25
1269.19
1295.1
1439.66
1609.42
873.0
718.4
1071.94
503.63
2008.05
1719.32
1245.77
1259.58
477.37
1161.47
1475.48
1442.5
1151.92
2249.53
1329.82
1384.24
1567.71
1807.34
1797.64
1579.81
1746.08
1404.41
1704.98
1906.92
1454.06
1662.83
1518.45
784.45
1678.83
1295.06
1077.45
1851.39
2001.74
1795.93
1247.78
1671.79
877.35
889.81
1836.68
1295.57
1637.69
407.6
1402.84
1687.16
882.49
1568.6
1687.75
1872.91
243.73
1334.87
1990.3
1890.35
797.27
1310.63
1629.53
1883.77
1684.48
1969.89
1365.22
1394.19
813.09
1567.34
1240.13
764.98
1436.52
194.91
1708.53
632.6
730.8
1561.58
1285.78
2160.75
1152.52
1886.28
1973.04
874.95
1932.77
1640.55
2017.82
774.11
731.79
1666.26
1672.17
1623.95
606.03
1646.78
2191.36
1120.86
1132.98
739.46
1808.9
1797.63
1701.69
2029.92
1630.05
1534.42
644.81
1084.63
1712.99
1998.58
1599.85
1827.45
784.29
1659.2
1413.97
1959.52
1309.52
1363.5
1612.23
1687.1
754.09
1800.39
1300.99
1544.87
1911.35
1345.2
1329.28
1562.07
1976.73
898.09
960.02
1977.28
1742.44
639.66
1512.96
1497.04
1490.36
1893.73
1812.27
1406.94
909.4
1680.47
1479.84
1607.16
782.63
1495.72
946.34
1478.95
1347.15
1491.62
1858.13
1672.81
1016.02
1732.34
1414.33
1253.09
1442.48
1843.7
1779.1
1578.76
1686.92
1470.97
1960.39
1624.1
1862.02
1766.69
1293.41
1386.82
1513.9
1246.2
1716.4
1687.09
1797.62
1473.04
1707.56
1976.6
459.08
1298.33
678.38
1721.68
1662.43
1687.94
1380.9
665.89
1410.68
1307.58
1364.38
1220.01
1800.3
1906.13
1304.63
1968.57
662.98
1560.69
961.28
1576.44
1217.29
1122.86
1679.12
1423.19
1246.39
655.02
1458.57
1416.04
1462.55
1786.7
1694.38
1467.19
1740.05
1713.39
1513.63
1519.16
1366.87
1219.42
1458.63
1889.28
976.84
1090.89
1813.21
777.64
1754.14
1568.0
1573.01
1423.01
1773.98
1440.81
1904.28
1848.66
1071.66
1794.21
1207.99
757.97
1462.7
776.75
1784.98
1895.71
1517.14
1472.22
1681.62
243.38
1617.53
1142.19
1256.68
1704.27
1064.21
753.94
1732.63
889.2
1209.74
1707.77
742.85
1556.13
679.82
758.72
1463.09
1716.0
1272.11
1617.27
1506.01
1163.98
1900.98
1642.0
1587.0
1583.89
1487.27
1449.16
752.71
1771.42
1817.72
700.3
785.38
960.69
1716.27
1827.61
1072.94
1943.85
1279.88
1208.84
1892.54
1222.57
1985.88
795.98
1411.22
1573.35
865.63
1803.27
1301.16
1175.09
1757.07
1426.68
1034.98
1799.14
1965.19
1588.12
1583.88
1302.77
1142.01
1179.66
1641.19
1293.6
1916.64
1582.14
1408.48
1220.53
681.16
1790.51
1549.36
1344.49
1456.97
1896.56
2123.93
679.91
1800.06
1667.41
779.64
256.81
1634.49
1437.74
1348.19
1123.95
772.95
1639.64
1721.7
1516.26
1708.24
1463.5
1437.32
942.17
1545.52
973.63
1135.22
1465.44
1148.41
1150.06
704.07
962.75
1827.03
2022.69
1769.01
1865.97
1202.77
1674.59
1587.65
1111.97
1349.65
1936.99
1269.62
1678.77
1630.51
1987.09
1569.89
1422.85
1566.81
1898.45
891.24
815.34
1460.96
1581.98
1018.5
1035.59
1219.59
1247.41
1763.82
1472.22
1352.76
1828.86
1557.51
1555.24
318.81
288.58
1984.77
1654.48
927.21
1891.63
826.04
1246.51
776.19
1650.31
1245.16
1988.95
814.69
1498.58
1481.2
700.56
1890.04
1177.85
673.91
1261.69
1754.02
1612.1
1251.24
1886.38
1453.33
621.22
1805.14
2036.81
1436.13
2123.8
1202.17
2119.98
1155.32
1850.28
1047.94
1455.9
927.1
1202.1
1495.55
1487.0
1272.29
1570.61
693.04
763.22
1559.86
1322.61
1942.76
1727.0
1610.64
773.52
1285.2
1163.1
771.94
1556.21
874.04
1475.31
1360.98
1414.45
1417.2
1730.43
967.72
866.74
1828.25
1355.76
2010.57
978.78
853.42
1804.23
967.39
1338.0
1620.19
1596.89
1328.64
244.53
1840.29
1309.38
1900.55
1357.65
1566.09
1177.99
1972.81
1734.27
1668.53
1630.06
1804.0
751.52
1886.14
1478.73
1497.8
1683.12
1797.19
1438.97
1262.62
1846.73
1779.94
1238.24
1754.3
1348.18
739.04
820.5
1349.98
1985.6
1090.47
883.48
1631.3
781.53
1568.35
1314.56
1121.01
1561.68
1509.21
1567.83
1100.55
1672.65
1245.69
1196.01
1082.48
1520.56
1493.6
1498.65
1123.99
1270.82
940.55
1802.35
1236.72
1651.55
1040.35
2135.91
1761.36
1211.25
1811.95
1246.14
1754.25
1528.17
1207.85
1410.88
1564.07
1366.19
666.0
1635.51
1408.63
1051.97
1965.92
1308.34
1833.24
1075.51
1451.25
1060.34
1837.76
1544.23
1884.66
1621.61
1590.32
1835.98
1050.62
1603.92
786.28
1425.02
1145.54
1234.99
1158.28
1967.55
1739.56
1568.81
1244.98
830.32
1609.16
2194.9
1768.42
621.54
1253.12
1082.55
1567.93
1494.88
1567.69
1581.22
1484.64
219.43
1522.46
1764.71
1452.83
1612.98
1054.52
1768.71
1756.95
1053.07
631.3
2162.21
1172.71
1806.96
1752.88
1451.36
1992.85
1267.78
1564.31
1760.19
509.22
1304.21
224.93
1738.06
778.2
891.97
1807.1
1971.78
796.44
1495.28
1572.91
1972.7
1893.21
264.96
1632.56
1195.9
1891.42
1173.69
2004.24
1897.72
1937.39
1460.99
1796.06
1193.27
1451.66
678.38
1640.55
1479.12
1022.23
1190.82
1666.44
1399.26
1805.49
273.72
1739.45
1649.85
963.72
1128.79
714.66
1546.7
1196.97
1064.76
1276.2
1077.93
1566.15
1503.74
1103.33
1286.64
1604.95
1312.64
1497.92
1375.05
1817.15
1804.69
1183.47
1193.05
1111.41
1607.29
814.95
653.7
1260.8
879.03
1879.38
1351.13
865.49
1895.58
1083.11
1895.12
1306.72
1096.12
1315.54
826.25
1175.89
1310.93
1365.29
1887.09
813.83
1307.81
1428.42
1683.19
595.41
1433.17
1405.4
839.81
1844.1
1788.94
1197.77
1386.83
1364.21
1702.63
1629.91
1407.46
1218.38
766.93
2154.39
1243.94
2132.37
1196.89
1016.73
1977.86
1368.81
1539.73
1125.48
1579.19
1529.68
1252.79
1283.47
808.88
1349.27
1354.11
1364.89
1488.75
807.04
1398.39
1086.38
1328.54
1416.06
1655.28
1966.27
1602.52
1102.53
2004.03
1057.83
1575.47
1194.32
1846.46
1291.53
1242.37
1558.45
1604.17
1794.91
806.27
1220.34
2159.03
1772.92
1586.47
1248.9
1892.58
1721.66
1883.27
1599.35
1573.91
1567.67
1896.76
1436.05
1268.88
1254.97
1489.63
1350.66
620.37
1081.2
1790.87
1241.93
1607.0
1896.16
1808.71
1531.94
881.37
1498.8
1800.63
307.74
1460.98
1367.57
1609.13
1635.25
1152.99
1363.67
784.3
493.94
1304.77
1797.27
2001.15
1805.51
1797.99
1435.85
1727.82
1714.1
1906.96
875.54
1789.42
597.16
892.1
1085.83
1479.83
1048.62
1582.16
1199.51
1585.39
1582.04
1784.04
1399.99
1420.11
1704.18
1316.62
1578.85
1922.81
1670.18
1050.92
1289.5
1721.37
858.19
1357.16
861.94
815.81
1478.89
1715.69
964.02
819.02
1163.13
1685.65
1447.79
1346.41
952.89
1822.35
1561.99
1579.72
1572.35
1428.65
1261.46
779.13
1423.05
969.66
896.1
1797.88
1975.57
1260.08
1989.97
1053.07
1273.35
975.31
945.92
1120.6
1333.38
1562.14
1442.87
739.76
1485.46
1788.06
1475.56
1306.09
1721.16
1551.94
2001.25
1246.92
1048.5
1437.37
1687.08
1305.43
1107.96
1584.94
1119.15
482.38
1683.41
1637.34
829.8
1158.42
1274.65
921.06
1615.36
1457.88
1253.2
1199.72
1617.36
1659.49
1736.77
1787.21
1462.04
1441.49
1656.71
1771.15
1650.75
1721.33
1890.11
1652.18
1705.11
1226.24
1514.69
1247.19
1122.43
1734.95
1352.12
1222.95
1605.73
647.37
1800.85
1301.74
1075.16
988.09
1985.83
1519.25
1482.03
1656.67
1424.85
1576.14
802.07
1200.83
1054.21
1542.37
1688.29
951.21
1366.07
1533.4
1043.3
1296.61
889.05
1567.42
1801.25
982.66
1245.4
705.28
1598.22
658.69
1092.56
895.79
1427.09
1566.0
2179.2
2129.87
1353.3
1906.0
737.59
948.39
1976.32
1575.3
1331.72
1421.01
1493.62
1211.05
1897.94
1592.72
1059.44
2186.27
2040.82
2013.62
1631.8
1529.82
822.62
1594.15
1217.24
1562.41
1483.18
986.34
475.08
1979.08
1342.0
795.7
1460.48
1666.39
1254.86
1613.08
1887.8
1050.51
700.25
1250.53
1787.87
688.45
713.86
582.41
1723.62
1635.37
1414.3
1896.08
1296.48
1923.15
1580.24
1427.35
1621.73
1979.15
1592.06
1308.8
1566.92
984.73
653.8
1530.18
1564.52
1626.29
1562.75
960.82
1851.08
1844.29
1585.08
1946.24
1575.69
1717.67
1450.12
2198.51
1795.29
1119.29
669.8
690.16
1738.01
1060.82
1619.23
1720.65
1488.22
1257.07
1451.14
1347.99
1539.82
813.27
1108.27
1767.76
784.03
1669.47
949.36
1651.55
1500.61
1234.39
759.88
1564.5
1453.2
1551.17
1492.09
1249.68
1684.72
1251.13
1456.91
1417.54
1804.26
1053.82
1808.13
1645.65
1579.02
622.51
557.24
1870.84
899.19
798.91
1610.8
1052.03
1635.69
1795.94
1568.28
1779.47
1639.57
1526.03
1924.82
1897.44
1152.6
1443.71
1476.84
1558.59
1145.01
1144.58
1559.08
1419.1
1287.06
1611.0
1666.66
1331.64
1591.63
1718.31
586.9
690.63
1794.36
1532.53
1424.14
1763.62
1569.68
1192.41
1054.3
1649.07
1409.11
1029.27
1888.5
1476.2
1896.0
1485.26
1669.89
1150.03
1460.13
1695.12
1757.11
2180.2
1050.74
642.24
1303.54
1437.72
879.95
779.09
1715.83
1145.97
1791.03
1381.87
1741.5
1818.1
1588.75
1065.97
1514.06
1658.91
1249.05
663.81
570.24
1192.38
1624.65
1617.96
724.59
1305.86
1567.96
1737.04
1561.57
1925.8
1975.41
1874.6
1492.13
1976.3
954.35
1125.96
499.2
1750.69
1464.46
1310.8
1537.8
1604.12
2231.59
1799.11
1796.83
1453.4
1448.3
1499.32
1599.3
1987.02
1967.63
1431.78
788.2
1549.03
1390.99
1073.0
1450.36
1394.06
1936.9
1058.74
1030.82
1267.82
459.35
1594.93
1560.62
1494.14
1541.34
1219.16
1120.16
1265.89
1031.8
497.14
1554.86
930.6
1611.58
977.97
1885.98
1011.64
1835.63
1852.8
1690.75
1583.08
1898.01
1349.31
1798.48
463.23
1270.68
2164.61
1068.68
1092.77
1536.07
1567.12
418.83
1464.01
1477.56
1350.31
1895.47
1873.43
283.34
1488.86
499.75
1619.73
1408.91
1627.03
1435.07
1775.53
1893.84
508.7
241.26
1396.26
1132.3
1245.11
1298.68
901.05
1765.05
896.67
1792.59
1495.59
807.95
811.54
1204.92
1642.57
1709.43
778.46
1635.4
1568.73
1214.54
663.94
803.77
1514.48
1293.07
1136.62
1482.59
812.56
1579.09
642.39
1289.16
1766.74
1578.44
1988.17
1516.18
1454.35
873.15
1774.14
745.76
1580.14
1193.49
1628.48
1281.69
1344.26
1461.93
1562.11
1583.24
1459.71
1934.15
1793.42
1767.99
811.13
1807.58
1344.96
1451.67
1942.53
1635.0
1767.14
852.11
1262.71
1300.49
1999.17
1459.54
1771.74
1711.78
782.45
1569.44
1664.1
1784.25
1075.31
1060.2
799.09
1571.02
2167.26
926.09
1811.28
1584.58
1194.88
756.4
1749.68
804.83
1489.24
692.54
1130.04
1121.4
1310.56
1918.09
1933.32
966.79
1649.14
799.94
652.45
1331.39
1157.02
661.33
1558.4
1813.72
1250.86
1558.45
1213.02
1263.77
1546.04
1469.73
1240.41
1247.71
1278.22
420.3
779.92
1576.44
1245.74
1138.31
1120.35
1367.12
836.7
891.64
1799.43
786.5
858.46
1471.9
1591.27
1569.2
1169.98
1565.57
1679.16
1588.73
1455.31
1897.48
1408.72
1573.96
1793.68
1083.2
1720.67
1496.82
1684.36
1439.59
1272.83
1739.43
1417.37
1767.11
1923.47
1896.35
1823.26
1584.36
1274.78
1558.12
1755.06
1238.59
1376.27
1070.9
1595.02
1928.79
1649.98
1890.43
1355.03
1062.67
1429.38
1612.16
1471.33
1836.66
665.57
1409.8
473.56
1430.38
1902.1
1572.71
1602.93
1021.41
933.63
1643.05
1335.37
1230.31
1564.67
1358.54
1935.41
1661.41
701.31
1218.08
1735.46
1274.07
1254.09
1486.88
1526.74
1152.12
778.41
479.12
1794.48
876.63
1692.3
1889.3
1558.72
1557.14
1929.24
876.56
1344.53
1473.52
1315.14
1301.59
717.38
1626.76
1643.73
1481.1
473.81
1193.32
1573.94
1604.91
876.7
1849.42
819.31
776.94
1429.74
1250.5
1768.49
1388.49
1154.95
1907.24
2012.58
1716.16
1391.68
1117.71
654.32
1698.23
1494.2
1683.58
424.63
1716.09
1581.07
1715.36
1576.6
1751.24
960.93
781.27
1809.3
1577.21
1631.58
1403.37
1187.57
1461.38
1159.12
846.44
1939.11
1008.86
1358.0
1388.55
1042.4
1028.84
1570.88
1901.18
1374.34
602.16
1490.11
1077.55
1603.79
1520.46
1252.84
1753.58
1459.57
1607.93
1975.98
1576.51
1069.69
1424.16
2215.0
1242.11
1615.38
1464.49
1089.63
1253.59
1489.09
1118.22
1563.48
783.31
1367.89
1110.92
1250.96
1570.79
739.17
1435.13
1991.17
778.1
2083.7
967.84
1212.17
917.3
1562.08
1804.24
1406.96
1537.82
1272.33
993.0
811.13
1852.2
1200.77
1837.93
1694.73
1719.22
988.93
1506.49
1523.58
1670.36
1163.23
1273.82
1710.61
858.3
1726.77
1912.69
1808.98
1789.07
1806.05
1085.29
1718.74
261.19
1414.11
1032.79
1389.42
836.63
2198.17
1348.44
1428.45
915.91
1973.56
941.72
163.22
756.94
926.65
1887.91
1977.96
1779.58
1649.49
1845.35
1214.3
1573.15
1016.31
1240.87
1507.01
969.54
877.31
1687.66
1260.73
770.17
1493.47
1713.42
1446.99
1631.48
1801.6
1272.14
1975.94
1623.02
1466.97
1692.4
1436.64
535.33
871.51
1119.35
538.73
1612.31
1663.94
1702.64
1487.8
1226.42
1345.09
1268.72
604.25
1808.57
1718.11
1512.66
1875.89
1492.19
1396.16
2012.91
808.46
1197.5
768.05
1594.9
1390.3
1008.03
1234.35
1792.22
1684.68
1575.64
1437.17
770.84
1930.68
1009.36
1402.96
1364.3
1303.19
1477.44
1343.99
1418.23
1205.0
983.86
1903.59
1566.11
760.06
1805.38
1349.84
1626.44
480.05
1516.56
1510.36
449.3
1192.1
1446.32
314.55
1459.62
1299.98
1196.45
1616.33
1479.88
1243.03
1718.74
2146.56
672.23
1559.62
723.63
1620.32
1456.16
1230.73
1887.81
1690.35
1820.23
1452.19
1430.14
1870.17
1140.83
1811.63
1421.01
1350.33
1222.7
1714.64
483.97
1054.22
1027.9
880.06
1808.72
813.92
1120.89
1914.0
1491.54
1236.78
398.79
1346.55
1149.16
1131.69
1212.91
780.24
1643.62
1658.03
1825.82
1448.42
1693.83
871.14
1573.01
1581.23
1572.38
1487.47
2297.77
1204.91
1569.5
1373.05
1241.91
1984.86
1803.25
1480.03
1027.18
1702.77
755.61
1455.64
805.97
1797.69
1429.8
1243.8
1570.26
1551.43
2023.89
1683.16
223.22
1568.09
1722.9
1356.45
1130.83
1345.87
1544.32
1404.85
926.23
1934.13
1583.57
1549.45
2013.36
1975.5
1420.05
1312.81
1641.78
1672.15
1400.26
315.18
1657.27
1783.71
1308.41
1245.05
1716.77
665.03
650.56
674.83
1852.34
1246.75
